611.35605507  588.50973301
640.96435316  594.07561755
675.14864904  598.22381793
711.44164906  601.63340075
751.83379793  603.2500016 
876.3223574   594.75558586
915.50839387  587.339387  
950.17776786  577.54832613
981.7768812   566.91045034
1007.77350277  554.9775597 
599.7021785   562.71684627
631.28885783  565.92170804
665.98385489  569.4550583 
705.05590743  571.8365082 
747.48207415  572.65125012
837.82363159  567.7787548 
882.18915271  561.82412745
923.35345416  553.34649216
960.52308873  543.34679436
992.13120565  531.90986512
1019.20800302  520.33305407
1041.15252558  508.23052318
588.47394581  531.0536803 
619.82787086  533.98072113
656.05937032  536.00659982
696.72022497  537.01570907
741.97154404  536.52079815
789.8321515   533.9674145 
838.97687777  529.18182621
886.46189303  521.95997181
930.37967977  512.97137401
968.78341902  502.48120649
1001.80290257  491.44092491
1028.16460982  479.84853959
1050.25183982  469.41291397
1066.47844684  457.92698278
644.6930805   497.61379852
687.00917416  496.4876968 
734.29344424  493.79888231
837.68208519  483.05187646
888.49624412  474.89798137
934.60561558  465.27990532
974.76839483  454.96164813
1007.78716362  444.4932173 
1034.64542645  434.65802336
563.38641499  459.95671473
595.10690839  457.97972362
632.20611626  454.7504505 
675.47861512  450.60533884
778.05759907  437.92784457
833.13849608  429.69240856
886.49999966  420.41889005
935.00077999  410.78537074
976.13647292  401.18673428
1009.73575929  392.32500037
1036.42392077  384.21623984
1057.04081956  377.48108961
551.05851547  421.17747213
582.19682858  415.13203477
619.17221275  408.50632849
662.6350285   400.48761389
712.4600636   391.37310294
767.36504925  381.26026176
824.25266522  370.5954812 
879.46085066  360.31626888
929.27967959  350.94814115
971.72620965  342.92147982
1005.91296253  336.27572625
1053.29596357  326.90162132
539.16359579  379.72696789
569.60813578  370.91758855
605.94251099  360.23695424
648.80834397  348.31920752
698.36331676  335.3609066 
753.1638472   322.01884856
917.17138449  289.20280682
995.34799227  279.07580578
1022.81454621  276.81814082
1044.08347874  276.28202937
528.65639577  339.44998458
557.75057655  326.53333009
593.12162003  312.39836915
634.63696199  296.80680087
736.48056775  264.16584974
792.70492763  249.37721634
898.69539462  229.39784155
942.35586991  225.0976315 
1006.85667366  224.46028927
1046.72428195  230.41968009
519.14414849  299.71679798
547.50296044  284.30955969
581.2762284   267.12089737
621.14594261  248.53272085
772.16466302  195.37833429
825.65976185  183.20935526
875.38911315  175.68839599
955.62653696  172.72708281
985.77673028  175.31860591
1009.39286071  180.30754505
511.4439414   263.19370185
538.44812982  245.04190523
570.74208709  225.92532545
608.67698464  205.46437008
700.02491819  165.63138507
750.78178667  149.22951512
801.59317592  137.00053745
892.69121977  127.04840908
960.84036665  132.55074766
986.31700718  137.89832303
504.43263502  228.74465783
531.17479724  209.89453523
561.54578512  189.45288816
637.97302558  147.19260309
682.82511626  127.65242517
729.87690239  111.35789324
777.78764339   98.96777468
865.29857554   89.37412651
902.34143592   91.02357586
934.12973463   95.3723057 
525.06306209  178.81152652
554.2670216   158.13953753
587.9548165   136.77098186
667.14677098   97.10851899
710.75033273   81.23660462
907.00145797   64.90292275
495.57083034  171.4420714 
520.34304716  152.06875417
579.68770633  110.53269597
614.78812654   90.64572185
653.21786692   72.3207477 
693.51112566   57.31236731
734.7849037    45.42819895
774.98958487   38.28419091
813.78557648   34.65372596
848.90493531   35.97908664
881.24038338   38.75245305
571.8073677    89.11340378
605.8931182    69.39492215
640.35317163   52.94727547
679.03847923   37.43678901
790.4322307    16.67897234
