227
227
225
229
244
268
214
227
257
225
225
195
195
154
262
285
230
269
295
153
261
255
265
254
197
227
262
263
282
249
280
276
186
168
280
278
186
251
251
240
232
288
290
283
208
293
284
251
251
220
220
157
157
200
251
290
196
151
149
237
280
297
296
249
180
175
176
222
224
247
276
172
239
265
219
267
178
171
226
169
276
274
277
286
255
192
190
185
184
293
248
186
179
181
261
275
278
250
185
182
173
173
189
175
170
264
264
273
285
257
173
235
227
253
262
281
243
241
290
176
175
174
195
171
172
214
133
235
197
195
186
224
274
128
173
169
197
196
152
141
99
171
122
121
106
96
162
166
149
131
85
79
164
169
156
113
156
149
115
126
160
132
62
168
135
45
166
71
139
131
133
129
173
177
170
168
159
172
171
173
173
172
176
178
165
167
171
171
166
167
166
140
168
161
162
136
105
129
169
178
175
173
162
174
137
137
161
171
171
172
168
94
123
117
115
108
85
90
153
125
173
158
69
174
126
138
125
175
169
144
149
156
137
150
158
164
163
157
173
138
142
112
80
168
171
159
163
168
148
128
94
173
79
77
76
72
82
84
82
80
76
78
85
65
65
59
72
64
64
82
76
72
82
74
57
63
80
133
141
142
165
165
132
136
141
175
141
135
137
410
408
404
403
336
341
350
386
300
390
384
406
406
362
377
394
417
412
331
375
404
409
364
386
395
380
401
312
401
404
406
283
281
286
289
284
295
301
302
301
299
297
298
301
303
301
299
299
294
288
288
239
226
217
214
256
299
296
302
282
270
286
301
307
297
300
293
231
225
252
301
284
256
271
26
24
35
26
26
33
29
47
47
44
40
42
47
43
43
25
41
48
48
46
47
47
47
48
48
48
48
48
40
19
21
37
43
39
42
