191
195
191
209
229
257
213
184
186
116
123
227
254
217
254
253
123
211
237
243
237
231
240
180
187
246
236
192
216
223
253
250
164
156
190
253
262
212
160
219
213
263
255
249
243
237
208
207
171
171
119
127
159
184
220
222
253
172
121
130
221
244
250
250
247
138
152
147
221
235
208
228
209
232
171
197
262
242
250
256
226
178
174
164
258
229
167
161
150
245
242
246
230
166
170
158
158
155
152
143
149
205
221
247
256
230
158
146
211
215
223
244
251
224
221
265
139
143
140
178
181
201
155
153
156
201
250
131
137
134
165
157
132
116
138
110
101
90
131
148
129
107
137
134
143
95
138
123
104
92
141
114
141
35
136
59
107
109
107
145
148
162
144
139
150
148
149
145
160
148
150
152
139
137
142
155
115
142
142
146
116
151
152
155
143
151
136
136
135
105
113
110
106
139
145
148
148
140
81
80
105
104
105
85
91
72
78
124
101
152
145
50
146
120
79
118
106
122
154
148
124
129
129
105
124
130
126
133
145
103
114
90
64
157
146
135
141
135
79
146
126
63
63
58
57
65
63
66
62
54
62
68
67
67
58
55
64
64
63
60
55
65
60
62
63
62
69
102
122
118
142
141
115
106
119
144
121
116
112
350
346
353
345
279
288
293
356
330
324
337
340
337
325
311
333
356
343
283
299
316
327
335
317
318
324
331
334
259
333
336
340
226
222
230
239
243
232
243
237
243
240
241
244
255
252
247
238
250
238
235
226
193
189
177
166
209
239
248
249
236
210
234
236
253
241
258
237
186
185
196
233
230
208
202
34
28
32
37
35
33
35
31
34
40
38
42
40
35
39
37
34
35
37
35
41
38
39
37
42
36
35
35
