340
340
340
360
400
400
400
400
400
220
240
340
400
380
400
400
220
380
380
400
400
400
400
360
380
380
400
400
400
400
400
400
300
320
400
400
400
380
300
380
380
400
400
400
400
380
342
342
306
306
280
280
300
400
360
400
400
320
220
240
340
400
400
400
400
264
320
320
380
400
340
380
400
400
300
399
400
400
400
400
400
320
320
300
400
400
340
280
320
400
400
400
400
300
300
300
320
340
300
280
280
360
360
400
400
400
340
280
400
380
400
400
400
360
360
400
240
264
240
380
300
400
288
300
300
380
400
240
240
240
360
325
240
224
256
208
224
240
256
256
256
240
256
256
256
176
240
256
240
208
256
256
256
110
256
195
208
208
208
256
256
256
256
256
256
256
256
256
256
256
256
256
256
256
256
256
208
256
256
256
208
256
256
256
256
256
256
256
256
208
208
208
240
256
256
256
256
256
180
176
224
210
240
225
208
165
195
224
256
256
256
132
256
240
225
224
208
256
256
256
256
256
256
224
256
256
256
256
256
240
224
192
144
256
256
256
256
256
160
256
256
140
140
140
126
126
126
126
126
126
126
165
165
154
150
140
165
165
154
140
140
126
150
140
165
154
135
240
240
273
308
308
240
273
273
308
252
240
280
576
576
576
576
456
480
504
552
576
552
552
576
576
552
552
576
576
552
528
529
552
576
576
552
552
552
552
576
480
576
576
576
456
456
456
480
480
480
480
480
480
456
456
456
456
480
456
456
456
432
456
480
396
378
357
340
460
480
480
480
483
483
480
480
480
456
456
456
396
378
437
480
506
420
483
70
70
70
70
70
70
70
70
80
80
80
80
80
80
80
80
80
80
80
80
80
80
80
80
80
80
80
72
