340
340
340
360
400
400
360
360
400
400
400
360
360
240
340
400
380
400
400
260
400
400
400
400
360
380
380
400
400
400
400
400
300
320
400
400
300
380
380
340
340
400
400
400
300
400
380
342
342
306
306
280
280
300
360
400
320
220
240
340
400
400
400
400
300
240
240
400
400
380
400
300
340
380
400
400
288
240
380
288
400
400
400
400
400
340
320
320
300
400
400
340
280
280
400
400
400
400
300
300
300
320
340
300
280
360
360
400
400
400
340
400
380
400
400
400
360
360
400
240
240
264
300
240
240
380
220
400
300
300
300
380
400
240
240
240
360
300
240
240
210
256
208
224
240
225
256
256
256
240
176
160
256
256
256
176
240
256
240
240
256
256
128
256
256
121
256
195
208
208
224
208
256
256
256
256
256
256
256
256
256
256
256
256
256
256
256
256
256
256
256
208
256
256
256
208
160
224
240
256
256
256
240
256
208
240
256
256
256
256
256
180
224
210
225
208
165
195
224
256
256
256
120
256
224
224
208
256
256
256
256
256
224
256
256
256
256
256
256
240
224
192
160
256
256
256
256
256
256
224
160
256
140
140
140
140
126
126
126
126
126
126
165
150
150
135
140
150
160
165
140
140
126
150
126
135
154
228
240
273
308
308
240
273
273
322
252
240
260
576
576
576
576
480
480
504
552
432
552
552
576
576
552
552
576
576
576
552
552
576
576
528
552
552
552
576
480
576
576
576
456
456
456
480
480
480
480
480
480
456
456
456
456
456
456
456
456
432
456
480
414
378
357
357
460
480
480
480
506
483
480
480
480
456
456
456
396
378
437
480
506
420
506
70
70
70
70
70
70
70
80
80
80
80
80
80
80
80
80
80
80
80
80
80
80
80
80
80
80
80
80
80
50
80
80
81
72
72
