0.69
0.76
1.16
1.21
1.22
1.31
1.36
1.42
1.59
1.72
1.82
1.86
1.86
1.87
1.91
2.00
2.02
2.03
2.08
2.08
2.14
2.17
2.21
2.24
2.25
2.35
2.42
2.42
2.43
2.51
2.76
2.86
2.90
2.95
3.23
3.24
3.27
3.30
3.32
3.36
3.36
3.41
3.46
3.47
3.55
3.55
3.56
3.60
3.65
3.73
3.74
3.76
3.76
3.76
3.76
3.78
3.80
3.81
3.82
3.84
3.85
3.85
3.87
3.92
3.97
3.99
4.01
4.09
4.12
4.14
4.14
4.15
4.18
4.23
4.25
4.26
4.33
4.35
4.44
4.46
4.46
4.47
4.47
4.57
4.59
4.69
4.70
4.71
4.89
4.91
5.00
5.00
5.02
5.04
5.05
5.12
5.13
5.16
5.21
5.22
5.24
5.25
5.27
5.28
5.30
5.31
5.36
5.38
5.46
5.48
5.52
5.57
5.58
5.59
5.60
5.60
5.61
5.63
5.67
5.68
5.71
5.72
5.75
5.78
5.80
5.81
5.85
5.87
5.87
5.87
5.87
5.94
5.99
6.00
6.01
6.01
6.05
6.06
6.20
6.22
6.28
6.30
6.32
6.39
6.48
6.58
6.67
6.71
6.71
6.75
6.87
6.89
6.92
6.95
6.98
7.01
7.13
7.21
7.24
7.24
7.34
7.39
7.41
7.48
7.50
7.50
7.51
7.52
7.52
7.59
7.66
7.69
7.72
7.77
7.80
7.81
7.83
7.88
7.89
7.91
7.91
7.94
7.96
7.99
7.99
8.06
8.15
8.18
8.19
8.23
8.26
8.28
8.30
8.31
8.33
8.34
8.37
8.38
8.39
8.39
8.42
8.45
8.47
8.48
8.49
8.52
8.53
8.57
8.60
8.61
8.67
8.68
8.69
8.76
8.76
8.78
8.80
8.85
8.92
8.93
8.97
9.01
9.08
9.10
9.13
9.15
9.19
9.21
9.23
9.29
9.29
9.30
9.31
9.33
9.36
9.37
9.38
9.40
9.41
9.44
9.44
9.45
9.46
9.50
9.62
9.63
9.66
9.69
9.75
9.76
9.81
9.88
9.90
9.90
10.06
10.08
10.11
10.24
10.27
10.27
10.28
10.29
10.32
10.42
10.43
10.44
10.48
10.59
10.73
10.73
10.74
10.78
10.90
11.06
11.06
11.07
11.11
11.13
11.16
11.17
11.17
11.19
11.21
11.29
11.50
11.51
11.52
11.55
11.55
11.56
11.60
11.63
11.64
11.64
11.72
11.73
11.82
11.90
11.98
12.04
12.15
12.17
12.21
12.23
12.25
12.25
12.29
12.38
12.39
12.52
12.61
12.82
12.87
12.98
13.18
13.45
13.55
13.62
13.69
13.74
13.83
13.85
14.29
15.17
15.38
15.40
15.44
15.96
16.64
16.76
16.86
22.66
26.85
33.31
