0.13
0.14
0.14
0.14
0.15
0.17
0.17
0.18
0.18
0.18
0.19
0.20
0.22
0.22
0.23
0.23
0.23
0.24
0.24
0.24
0.25
0.25
0.25
0.25
0.26
0.26
0.26
0.27
0.27
0.27
0.28
0.28
0.28
0.29
0.29
0.29
0.29
0.30
0.30
0.30
0.31
0.31
0.31
0.31
0.31
0.31
0.31
0.32
0.32
0.32
0.32
0.32
0.33
0.33
0.33
0.33
0.33
0.33
0.34
0.34
0.34
0.34
0.35
0.35
0.35
0.35
0.35
0.35
0.36
0.36
0.36
0.36
0.36
0.36
0.36
0.36
0.36
0.37
0.37
0.37
0.37
0.37
0.37
0.38
0.38
0.38
0.38
0.39
0.39
0.39
0.39
0.39
0.39
0.40
0.40
0.40
0.40
0.40
0.41
0.41
0.41
0.41
0.42
0.42
0.42
0.42
0.42
0.42
0.42
0.43
0.43
0.43
0.43
0.43
0.43
0.43
0.43
0.43
0.44
0.44
0.44
0.44
0.44
0.45
0.45
0.45
0.45
0.45
0.45
0.46
0.46
0.46
0.46
0.46
0.46
0.46
0.46
0.46
0.46
0.46
0.46
0.47
0.47
0.47
0.47
0.47
0.47
0.47
0.47
0.47
0.48
0.48
0.48
0.48
0.48
0.48
0.48
0.48
0.48
0.49
0.49
0.49
0.49
0.49
0.49
0.49
0.50
0.50
0.50
0.50
0.50
0.50
0.50
0.50
0.50
0.51
0.51
0.51
0.51
0.52
0.52
0.52
0.52
0.52
0.52
0.52
0.52
0.52
0.52
0.52
0.52
0.53
0.53
0.53
0.53
0.53
0.54
0.54
0.54
0.54
0.54
0.54
0.54
0.55
0.55
0.55
0.55
0.56
0.56
0.56
0.56
0.56
0.57
0.57
0.57
0.57
0.57
0.57
0.58
0.58
0.58
0.58
0.58
0.59
0.59
0.60
0.60
0.61
0.61
0.61
0.62
0.62
0.62
0.62
0.63
0.63
0.63
0.64
0.64
0.64
0.64
0.65
0.65
0.65
0.65
0.66
0.66
0.66
0.66
0.66
0.66
0.66
0.67
0.67
0.67
0.67
0.67
0.68
0.68
0.68
0.68
0.68
0.69
0.69
0.69
0.70
0.70
0.70
0.71
0.71
0.71
0.71
0.71
0.71
0.71
0.71
0.72
0.72
0.72
0.72
0.72
0.72
0.72
0.72
0.72
0.73
0.73
0.73
0.73
0.73
0.73
0.73
0.73
0.73
0.73
0.74
0.74
0.74
0.74
0.74
0.74
0.74
0.74
0.74
0.74
0.74
0.74
0.74
0.75
0.75
0.75
0.75
0.75
0.75
0.75
0.75
0.75
0.75
0.76
0.76
0.77
0.77
0.77
0.77
0.77
0.77
0.77
0.78
0.78
0.78
0.78
0.79
0.79
0.79
0.79
0.79
0.80
0.80
0.80
0.81
0.81
0.81
0.81
0.81
0.82
0.82
0.82
0.83
0.83
0.83
0.83
0.83
0.83
0.84
0.84
0.84
0.85
0.85
0.85
0.85
0.85
0.85
0.86
0.86
0.86
0.86
0.86
0.88
0.88
0.88
0.89
0.89
0.89
0.89
0.90
0.90
0.90
0.90
0.90
0.90
0.91
0.92
0.92
0.92
0.92
0.93
0.93
0.93
0.93
0.93
0.93
0.94
0.94
0.94
0.95
0.95
0.95
0.95
0.95
0.95
0.95
0.96
0.96
0.96
0.97
0.97
0.98
0.98
0.98
0.98
0.98
0.98
0.98
0.98
0.99
0.99
1.00
1.00
1.00
1.01
1.01
1.01
1.01
1.02
1.02
1.02
1.02
1.02
1.03
1.04
1.04
1.04
1.04
1.05
1.06
1.08
1.08
1.08
1.08
1.09
1.09
1.10
1.11
1.12
1.12
1.13
1.13
1.14
1.14
1.14
1.14
1.15
1.15
1.15
1.15
1.16
1.16
1.16
1.17
1.18
1.18
1.19
1.19
1.19
1.20
1.20
1.20
1.21
1.21
1.22
1.22
1.23
1.24
1.24
1.24
1.25
1.25
1.25
1.25
1.25
1.26
1.26
1.26
1.26
1.26
1.28
1.29
1.30
1.31
1.32
1.32
1.33
1.33
1.34
1.34
1.35
1.36
1.36
1.36
1.37
1.37
1.37
1.38
1.40
1.41
1.41
1.42
1.42
1.42
1.43
1.44
1.44
1.44
1.45
1.46
1.46
1.47
1.47
1.49
1.50
1.51
1.52
1.52
1.54
1.54
1.55
1.55
1.57
1.57
1.57
1.57
1.58
1.58
1.58
1.59
1.60
1.61
1.61
1.62
1.62
1.63
1.64
1.65
1.66
1.66
1.68
1.68
1.69
1.71
1.71
1.72
1.73
1.73
1.73
1.74
1.77
1.77
1.77
1.78
1.80
1.81
1.81
1.82
1.85
1.85
1.86
1.87
1.90
1.90
1.91
1.92
1.92
1.93
1.93
1.97
1.99
2.01
2.01
2.01
2.02
2.06
2.08
2.08
2.09
2.13
2.14
2.15
2.18
2.18
2.19
2.21
2.23
2.24
2.24
2.26
2.27
2.28
2.31
2.36
2.39
2.46
2.53
2.54
2.58
2.58
2.59
2.61
2.62
2.65
2.65
2.68
2.68
2.69
2.74
2.75
2.77
2.77
2.79
2.82
2.90
2.96
3.01
3.02
3.16
3.19
3.22
3.25
3.39
3.40
3.45
3.59
3.64
3.68
3.80
3.80
3.83
4.22
4.39
4.43
4.51
4.54
4.58
4.73
4.80
5.19
6.02
6.49
6.68
6.70
7.28
7.39
8.21
8.39
8.53
9.34
9.42
9.96
9.96
10.34
10.51
10.60
10.63
10.68
11.16
11.21
11.37
11.98
12.07
12.49
12.55
14.64
17.21
27.86
66.54
67.02
67.65
104.12
